version https://git-lfs.github.com/spec/v1
oid sha256:5a7682bb3509256ed6447eeaac27a25a6e8e68b40597e746187df2968f4a1054
size 61
